    17/299     14.2G      2.25     0.801         0      3.06        42       512     0.128     0.788     0.121      0.22      2.07      1.73         0
    18/299     14.2G      2.45     0.828         0      3.28        40       512      0.88     0.926     0.941     0.903      1.98      0.59         0
    19/299     14.2G      2.13     0.761         0      2.89        36       512     0.971     0.878     0.942     0.922      1.81      0.63         0
    20/299     14.2G      2.45      0.79         0      3.24        38       512     0.971     0.876      0.94     0.921      1.81     0.699         0
    21/299     14.2G         2     0.788         0      2.79        42       512     0.965     0.892     0.934     0.927      1.94     0.606         0
    22/299     14.2G       2.1     0.798         0       2.9        45       512     0.936      0.93     0.937     0.933      1.89     0.579         0
    23/299     14.2G      2.02     0.749         0      2.77        39       512     0.871      0.94     0.937     0.904      1.65     0.566         0
    24/299     14.2G      2.06     0.707         0      2.77        38       512      0.83     0.948     0.941     0.885      1.69     0.543         0
    25/299     14.2G      2.27     0.738         0      3.01        44       512     0.903     0.943     0.955     0.922      1.73     0.524         0
    26/299     14.2G      1.93     0.732         0      2.66        39       512     0.961      0.88     0.946     0.919       1.8     0.608         0
    27/299     14.2G      2.05     0.698         0      2.75        40       512     0.965     0.904     0.956     0.934      1.48     0.582         0
    28/299     14.2G      2.14      0.69         0      2.83        43       512     0.948      0.94     0.967     0.944      1.54     0.548         0
    29/299     14.2G      1.88     0.704         0      2.59        40       512     0.956      0.91     0.963     0.932      1.38      0.56         0
    30/299     14.2G      1.76     0.709         0      2.47        45       512     0.928     0.953     0.971      0.94      1.42     0.538         0
    31/299     14.2G      1.86      0.69         0      2.55        41       512     0.942     0.936     0.966     0.939      1.41     0.516         0
    32/299     14.2G      1.81      0.67         0      2.49        37       512     0.967     0.927     0.962     0.947      1.31     0.542         0
    33/299     14.2G      1.52     0.662         0      2.18        36       512     0.971     0.929     0.975     0.949      1.37     0.511         0
    34/299     14.2G      1.51     0.629         0      2.14        42       512     0.975     0.928     0.967     0.951      1.36     0.514         0
    35/299     14.2G      1.75     0.681         0      2.43        39       512      0.94     0.946     0.974     0.943      1.61     0.488         0
    36/299     14.2G      1.67     0.647         0      2.32        39       512     0.924      0.96     0.967     0.942      1.43     0.457         0
    37/299     14.2G      1.65     0.618         0      2.27        39       512     0.964     0.919      0.97     0.941      1.34     0.509         0
    38/299     14.2G      1.75     0.627         0      2.37        39       512     0.978     0.893     0.971     0.934      1.27     0.537         0
    39/299     14.2G      1.72     0.608         0      2.33        41       512     0.971     0.922     0.975     0.946       1.6     0.507         0
    40/299     14.2G      1.63     0.602         0      2.23        41       512     0.971      0.95     0.975     0.961      1.37      0.49         0
    41/299     14.2G      1.71     0.585         0       2.3        43       512     0.962     0.959     0.979      0.96      1.31     0.445         0
    42/299     14.2G      1.82     0.613         0      2.44        43       512     0.963     0.948     0.964     0.955      1.52     0.459         0
    43/299     14.2G      1.91     0.597         0       2.5        39       512     0.969     0.958     0.977     0.964      1.49     0.457         0
    44/299     14.2G      1.86     0.585         0      2.44        44       512     0.983     0.927     0.971     0.954      1.31     0.469         0
    45/299     14.2G      1.89     0.604         0      2.49        38       512     0.979     0.923     0.966      0.95      1.42     0.501         0
    46/299     14.2G      1.34     0.635         0      1.97        35       512     0.974     0.936     0.968     0.955      1.27     0.468         0
    47/299     14.2G       1.6     0.586         0      2.18        32       512     0.976     0.956     0.976     0.966      1.34     0.448         0
    48/299     14.2G      1.85     0.596         0      2.45        40       512     0.987     0.942     0.974     0.964      1.17      0.47         0
    49/299     14.2G      1.56     0.571         0      2.13        42       512     0.981     0.939     0.973      0.96      1.41     0.469         0
    50/299     14.2G      1.75     0.595         0      2.35        40       512     0.978     0.961     0.979     0.969      1.28     0.422         0
    51/299     14.2G      1.62     0.564         0      2.19        39       512      0.98      0.96     0.978      0.97      1.27     0.441         0
    52/299     14.2G      1.46     0.566         0      2.02        36       512     0.972      0.96     0.985     0.966      1.17     0.437         0
    53/299     14.2G       1.5     0.568         0      2.07        35       512     0.979     0.949     0.984     0.964      1.26     0.464         0
    54/299     14.2G      1.43     0.551         0      1.98        38       512     0.983     0.933     0.977     0.958      1.31      0.47         0
    55/299     14.2G      1.72     0.538         0      2.26        42       512     0.985     0.932     0.973     0.958      1.22     0.474         0
    56/299     14.2G      1.45     0.547         0         2        34       512     0.976     0.904     0.954     0.939      1.31     0.516         0
    57/299     14.2G      1.42     0.553         0      1.98        39       512     0.934     0.958     0.971     0.946      1.28     0.473         0
    58/299     14.2G       1.3     0.561         0      1.86        44       512     0.971     0.946     0.978     0.958      1.18     0.438         0
    59/299     14.2G      1.42     0.552         0      1.97        37       512     0.981     0.936     0.978     0.958      1.18     0.445         0
    60/299     14.2G      1.35     0.562         0      1.91        43       512     0.985     0.936     0.979      0.96      1.21     0.443         0
    61/299     14.2G      1.31     0.518         0      1.83        44       512     0.979      0.94     0.976     0.959      1.31     0.432         0
    62/299     14.2G       1.6     0.554         0      2.15        37       512      0.97     0.958     0.981     0.964      1.41     0.435         0
    63/299     14.2G      1.69     0.559         0      2.25        41       512     0.977     0.932     0.982     0.954       1.2     0.493         0
    64/299     14.2G      1.58     0.575         0      2.15        43       512     0.973     0.962      0.98     0.967      1.09      0.44         0
    65/299     14.2G      1.65     0.528         0      2.17        37       512     0.974     0.956     0.978     0.965      1.15     0.424         0
    66/299     14.2G      1.48     0.499         0      1.97        38       512     0.969      0.93     0.975     0.949      1.18     0.446         0
    67/299     14.2G      1.43     0.528         0      1.96        37       512     0.826     0.952     0.971     0.884      1.14      0.45         0
    68/299     14.2G      1.13     0.543         0      1.67        37       512     0.808     0.954     0.978     0.875      1.07     0.434         0
    69/299     14.2G      1.19      0.54         0      1.73        42       512     0.984     0.957     0.988      0.97      1.13     0.399         0
    70/299     14.2G      1.21     0.487         0       1.7        39       512     0.982     0.948     0.987     0.965      1.07     0.421         0
    71/299     14.2G      1.53     0.517         0      2.05        42       512     0.989     0.936     0.979     0.962      1.08     0.457         0
    72/299     14.2G      1.52     0.508         0      2.03        43       512     0.994     0.935     0.984     0.964       1.2     0.446         0
    73/299     14.2G       1.3     0.504         0       1.8        37       512      0.99     0.956     0.982     0.972      1.13     0.403         0
    74/299     14.2G      1.28       0.5         0      1.78        36       512     0.972      0.96     0.982     0.966      1.15      0.41         0
    75/299     14.2G      1.22     0.472         0      1.69        42       512      0.97     0.965     0.982     0.967      1.06     0.402         0
    76/299     14.2G      1.26     0.507         0      1.77        37       512     0.986     0.961     0.983     0.973      1.05     0.415         0
    77/299     14.2G      1.37     0.477         0      1.85        40       512     0.987      0.96     0.983     0.974      1.05     0.398         0
    78/299     14.2G      1.49     0.445         0      1.93        38       512     0.989     0.933     0.982     0.961      1.06     0.429         0
    79/299     14.2G      1.36     0.515         0      1.88        41       512     0.987     0.918     0.976     0.951      1.03     0.465         0
    80/299     14.2G      1.43     0.484         0      1.92        44       512     0.986     0.926     0.976     0.955      1.05     0.453         0
    81/299     14.2G      1.39     0.468         0      1.86        39       512      0.98     0.948     0.981     0.964      1.08     0.406         0
    82/299     14.2G       1.4     0.481         0      1.88        45       512     0.979     0.946     0.985     0.962      1.06     0.411         0
    83/299     14.2G       1.5     0.486         0      1.99        42       512     0.974     0.958     0.985     0.966      1.03     0.402         0
    84/299     14.2G      1.27     0.511         0      1.79        39       512     0.982     0.967     0.988     0.974      1.08     0.395         0
    85/299     14.2G      1.37     0.499         0      1.87        42       512     0.982      0.96     0.984     0.971      1.06     0.393         0
    86/299     14.2G      1.46     0.477         0      1.94        37       512     0.952     0.956     0.973     0.954      1.07     0.396         0
    87/299     14.2G      1.25      0.47         0      1.72        40       512     0.961     0.952     0.974     0.957      1.06     0.384         0
    88/299     14.2G      1.27     0.459         0      1.73        43       512     0.987     0.922     0.969     0.953      1.04     0.429         0
    89/299     14.2G      1.21      0.46         0      1.67        37       512     0.991     0.924     0.963     0.956       1.1     0.438         0
    90/299     14.2G      1.14     0.479         0      1.62        41       512     0.992     0.938     0.974     0.964      1.03     0.414         0
    91/299     14.2G      1.06      0.44         0       1.5        34       512      0.99     0.938      0.98     0.963         1     0.407         0
    92/299     14.2G      1.24     0.454         0      1.69        35       512     0.987     0.946     0.982     0.966      1.02     0.385         0
    93/299     14.2G      1.29     0.469         0      1.75        41       512     0.982     0.963     0.988     0.972      1.04     0.373         0
    94/299     14.2G      1.35     0.453         0       1.8        47       512     0.986     0.961     0.989     0.973      1.02     0.386         0
    95/299     14.2G      1.11     0.425         0      1.54        41       512     0.988     0.951     0.985     0.969      1.04     0.388         0
    96/299     14.2G      1.22     0.427         0      1.64        38       512     0.989     0.939     0.979     0.964      0.96     0.412         0
    97/299     14.2G      1.48     0.453         0      1.94        36       512      0.99     0.955     0.983     0.972      1.07      0.39         0
    98/299     14.2G      1.22     0.419         0      1.64        43       512     0.985     0.944     0.982     0.964      1.03       0.4         0
    99/299     14.2G      1.33     0.488         0      1.82        44       512     0.987     0.944     0.982     0.965      1.01     0.384         0
   100/299     14.2G      1.08     0.423         0       1.5        37       512     0.987     0.936      0.98     0.961      1.06     0.388         0
   101/299     14.2G      1.33     0.428         0      1.76        39       512     0.983      0.97     0.983     0.976      1.01     0.363         0
   102/299     14.2G       1.2     0.412         0      1.61        35       512     0.986     0.969     0.987     0.977     0.963     0.359         0
   103/299     14.2G      1.19      0.44         0      1.63        42       512     0.992     0.957     0.988     0.974      1.02     0.357         0
   104/299     14.2G      1.34     0.433         0      1.77        44       512     0.994     0.941     0.983     0.967     0.997     0.386         0
   105/299     14.2G      1.35     0.438         0      1.79        40       512     0.986     0.954     0.983      0.97     0.972     0.359         0
   106/299     14.2G      1.28     0.426         0      1.71        40       512     0.979     0.948     0.983     0.963      1.01     0.387         0
   107/299     14.2G      1.34     0.406         0      1.75        37       512     0.979     0.947     0.982     0.963     0.953     0.383         0
   108/299     14.2G      1.15     0.426         0      1.58        45       512     0.977      0.94      0.98     0.958     0.983     0.384         0
   109/299     14.2G      1.02     0.413         0      1.44        43       512     0.977     0.927     0.979     0.951     0.971     0.399         0
   110/299     14.2G      1.01     0.425         0      1.43        41       512     0.981     0.944     0.981     0.962         1     0.387         0
   111/299     14.2G      1.31     0.441         0      1.75        32       512     0.988     0.948     0.981     0.967     0.986     0.376         0
   112/299     14.2G      1.05     0.405         0      1.46        42       512     0.988     0.953     0.982      0.97      0.95     0.364         0
   113/299     14.2G      1.05     0.401         0      1.45        45       512     0.983     0.948      0.98     0.965      1.05     0.361         0
   114/299     14.2G      1.14     0.389         0      1.53        43       512     0.985     0.943     0.978     0.963      1.04     0.361         0
   115/299     14.2G      1.24     0.403         0      1.64        37       512      0.99      0.95     0.981      0.97     0.986     0.371         0
   116/299     14.2G     0.961     0.413         0      1.37        40       512      0.99      0.96     0.983     0.975      0.97     0.363         0
   117/299     14.2G      1.46       0.4         0      1.86        38       512     0.982      0.96     0.982     0.971     0.948     0.362         0
   118/299     14.2G      1.06     0.405         0      1.47        38       512     0.989      0.94      0.98     0.964     0.992     0.373         0
   119/299     14.2G      1.27       0.4         0      1.67        43       512     0.986     0.942     0.978     0.964     0.953     0.372         0
   120/299     14.2G      1.24     0.421         0      1.66        37       512     0.987      0.94     0.983     0.963     0.994     0.375         0
   121/299     14.2G      1.07     0.393         0      1.47        43       512     0.996     0.943     0.982     0.969     0.954     0.376         0
   122/299     14.2G      1.04     0.394         0      1.44        43       512     0.994      0.96      0.99     0.977      0.92     0.357         0
   123/299     14.2G      1.06     0.395         0      1.46        37       512     0.994     0.967     0.991      0.98     0.916     0.345         0
   124/299     14.2G      0.92     0.382         0       1.3        40       512     0.994     0.958     0.982     0.976     0.947      0.35         0
   125/299     14.2G      1.09      0.39         0      1.48        43       512     0.996     0.953     0.974     0.974     0.943     0.379         0
   126/299     14.2G       1.1     0.393         0       1.5        45       512     0.998     0.941     0.981     0.969     0.907      0.41         0
   127/299     14.2G      1.01     0.371         0      1.38        44       512     0.993     0.968     0.989      0.98     0.918     0.359         0
   128/299     14.2G      1.28      0.37         0      1.65        42       512     0.991      0.96     0.983     0.976     0.937      0.37         0
   129/299     14.2G      1.09     0.383         0      1.47        38       512     0.992     0.968     0.983      0.98     0.919     0.378         0
   130/299     14.2G      1.18     0.395         0      1.58        48       512     0.992     0.968     0.989      0.98     0.895     0.359         0
   131/299     14.2G      1.09     0.361         0      1.45        37       512     0.994     0.965     0.983     0.979     0.919     0.346         0
   132/299     14.2G         1     0.391         0      1.39        43       512     0.991     0.952     0.981     0.971     0.937     0.373         0
   133/299     14.2G       1.1     0.379         0      1.48        39       512     0.987      0.95      0.98     0.968     0.937     0.376         0
   134/299     14.2G      1.14      0.37         0      1.51        43       512     0.988      0.95      0.98     0.968     0.868     0.383         0
   135/299     14.2G     0.903      0.38         0      1.28        40       512     0.987      0.96     0.988     0.973     0.868     0.349         0
   136/299     14.2G     0.999     0.364         0      1.36        41       512     0.991     0.964     0.988     0.977     0.914     0.345         0
   137/299     14.2G      1.01      0.39         0       1.4        45       512     0.986     0.964     0.988     0.975     0.914     0.353         0
   138/299     14.2G      1.07     0.391         0      1.46        41       512     0.987     0.952     0.981     0.969     0.929     0.381         0
   139/299     14.2G     0.953     0.369         0      1.32        35       512      0.99     0.948     0.979     0.968     0.911     0.379         0
   140/299     14.2G     0.877     0.367         0      1.24        33       512     0.991      0.95     0.982      0.97     0.925      0.37         0
   141/299     14.2G     0.936     0.396         0      1.33        42       512     0.992     0.957     0.982     0.974     0.878     0.359         0
   142/299     14.2G     0.923     0.364         0      1.29        40       512     0.994      0.96     0.988     0.977     0.899     0.367         0
   143/299     14.2G      1.08     0.356         0      1.44        44       512     0.989     0.964     0.982     0.977     0.945     0.336         0
   144/299     14.2G      1.07     0.351         0      1.43        46       512      0.99     0.967     0.983     0.978     0.968     0.337         0
   145/299     14.2G      1.07     0.354         0      1.43        46       512     0.986     0.973     0.988      0.98     0.899      0.35         0
   146/299     14.2G      1.04     0.358         0      1.39        41       512     0.982     0.975      0.99     0.979     0.927      0.34         0
   147/299     14.2G      1.24      0.33         0      1.57        37       512     0.986      0.97     0.983     0.978     0.885     0.338         0
   148/299     14.2G      1.14     0.334         0      1.48        39       512     0.988     0.965     0.982     0.976     0.914     0.341         0
   149/299     14.2G      1.11     0.362         0      1.47        38       512     0.992     0.953      0.98     0.972     0.876     0.377         0
   150/299     14.2G     0.961     0.356         0      1.32        45       512     0.984      0.96     0.978     0.972     0.929     0.348         0
   151/299     14.2G     0.991      0.36         0      1.35        38       512      0.99      0.96     0.981     0.975     0.897     0.343         0
   152/299     14.2G     0.935     0.358         0      1.29        43       512     0.986      0.96     0.983     0.973     0.894     0.339         0
   153/299     14.2G     0.895     0.343         0      1.24        39       512     0.994      0.96     0.983     0.977     0.893     0.357         0
   154/299     14.2G      0.92      0.35         0      1.27        41       512     0.994     0.955     0.983     0.974     0.908     0.362         0
   155/299     14.2G     0.914     0.325         0      1.24        34       512     0.994     0.942     0.982     0.967     0.851     0.381         0
   156/299     14.2G     0.769     0.341         0      1.11        36       512     0.996      0.95     0.983     0.972     0.866     0.372         0
   157/299     14.2G     0.817     0.335         0      1.15        40       512     0.994     0.936     0.981     0.964     0.834     0.387         0
   158/299     14.2G     0.947     0.346         0      1.29        43       512     0.994     0.955     0.981     0.974     0.844     0.378         0
   159/299     14.2G     0.829     0.316         0      1.14        36       512      0.99     0.961     0.983     0.975     0.838     0.359         0
   160/299     14.2G      1.02     0.334         0      1.36        40       512     0.988     0.974     0.991     0.981     0.883     0.335         0
   161/299     14.2G     0.961     0.368         0      1.33        39       512     0.985     0.976     0.984      0.98     0.827     0.319         0
   162/299     14.2G     0.802      0.32         0      1.12        38       512     0.986     0.971     0.984     0.978     0.825     0.321         0
   163/299     14.2G     0.927     0.346         0      1.27        40       512     0.986      0.97     0.984     0.978     0.816     0.333         0
   164/299     14.2G     0.931     0.327         0      1.26        37       512     0.988     0.968     0.984     0.978     0.819      0.32         0
   165/299     14.2G      1.05     0.346         0       1.4        35       512     0.986     0.965     0.983     0.975     0.862     0.331         0
   166/299     14.2G      1.12     0.334         0      1.45        42       512     0.992     0.959     0.983     0.975      0.83     0.341         0
   167/299     14.2G     0.899     0.335         0      1.23        35       512     0.991     0.966     0.983     0.979     0.828     0.331         0
   168/299     14.2G     0.986     0.316         0       1.3        46       512     0.991     0.958     0.989     0.974     0.891      0.33         0
   169/299     14.2G     0.975     0.329         0       1.3        41       512     0.992      0.96     0.989     0.976     0.867     0.331         0
   170/299     14.2G     0.881     0.328         0      1.21        35       512     0.996     0.954     0.988     0.974     0.859     0.335         0
   171/299     14.2G     0.887     0.337         0      1.22        40       512     0.992     0.954     0.984     0.973     0.827     0.328         0
   172/299     14.2G     0.913     0.327         0      1.24        39       512     0.994     0.952     0.984     0.973     0.818     0.327         0
   173/299     14.2G     0.864     0.349         0      1.21        38       512     0.986     0.972     0.984     0.979     0.833     0.317         0
   174/299     14.2G     0.949     0.309         0      1.26        41       512     0.988     0.964     0.984     0.976     0.787     0.326         0
   175/299     14.2G     0.745     0.325         0      1.07        43       512     0.988     0.966     0.984     0.977     0.784     0.324         0
   176/299     14.2G     0.874     0.325         0       1.2        41       512     0.994     0.967     0.984      0.98       0.8     0.324         0
   177/299     14.2G     0.954     0.324         0      1.28        39       512     0.997     0.976     0.984     0.987     0.797      0.32         0
   178/299     14.2G      1.08     0.299         0      1.38        42       512     0.994     0.974     0.984     0.984     0.814     0.317         0
   179/299     14.2G     0.891     0.318         0      1.21        42       512     0.996     0.972     0.984     0.984     0.809     0.319         0
   180/299     14.2G      0.95     0.304         0      1.25        44       512     0.992     0.957     0.984     0.974     0.802     0.326         0
   181/299     14.2G     0.978     0.295         0      1.27        44       512     0.994     0.955     0.984     0.974     0.832     0.328         0
   182/299     14.2G     0.796     0.309         0      1.11        39       512     0.996     0.952     0.983     0.973     0.872     0.333         0
   183/299     14.2G     0.914     0.295         0      1.21        41       512     0.992     0.946     0.983     0.969     0.836     0.346         0
   184/299     14.2G     0.816     0.316         0      1.13        43       512     0.996     0.946     0.982      0.97     0.811     0.354         0
   185/299     14.2G      1.06     0.334         0       1.4        39       512     0.992     0.949     0.982      0.97     0.842     0.344         0
   186/299     14.2G     0.903     0.335         0      1.24        50       512     0.993      0.95     0.984     0.971     0.811     0.343         0
   187/299     14.2G     0.799     0.309         0      1.11        41       512     0.994     0.947     0.983      0.97      0.82     0.333         0
   188/299     14.2G     0.787     0.292         0      1.08        40       512     0.993      0.96     0.983     0.976     0.878     0.319         0
   189/299     14.2G     0.725     0.292         0      1.02        37       512     0.995     0.954     0.982     0.974     0.847     0.334         0
   190/299     14.2G      0.76     0.289         0      1.05        42       512     0.994      0.95     0.981     0.971     0.851     0.338         0
   191/299     14.2G     0.765     0.308         0      1.07        42       512      0.99     0.953     0.982     0.971     0.812      0.34         0
   192/299     14.2G     0.814     0.296         0      1.11        37       512     0.993     0.948     0.982      0.97     0.819     0.346         0
   193/299     14.2G     0.866     0.278         0      1.14        38       512     0.992     0.951     0.981     0.971     0.809     0.334         0
   194/299     14.2G     0.855     0.268         0      1.12        41       512     0.992     0.953     0.982     0.972     0.822     0.323         0
   195/299     14.2G     0.744     0.276         0      1.02        38       512     0.994     0.951     0.981     0.972     0.827     0.345         0
   196/299     14.2G     0.849     0.273         0      1.12        35       512     0.994     0.946     0.981     0.969     0.838     0.347         0
   197/299     14.2G       0.6      0.29         0      0.89        36       512     0.994     0.952     0.983     0.973     0.817     0.332         0
   198/299     14.2G     0.815     0.289         0       1.1        38       512     0.992     0.954     0.983     0.973     0.812     0.328         0
   199/299     14.2G     0.823     0.274         0       1.1        39       512     0.988     0.965     0.984     0.976     0.801     0.321         0
   200/299     14.2G     0.731     0.285         0      1.02        43       512      0.99     0.964     0.984     0.977     0.804     0.324         0
   201/299     14.2G     0.838     0.281         0      1.12        40       512     0.992     0.957     0.984     0.974     0.819     0.326         0
   202/299     14.2G     0.818     0.289         0      1.11        33       512     0.992     0.952     0.984     0.971     0.806     0.327         0
   203/299     14.2G     0.825     0.277         0       1.1        39       512      0.99      0.96     0.984     0.974     0.802     0.323         0
   204/299     14.2G     0.876     0.284         0      1.16        42       512     0.991     0.956     0.983     0.973     0.816     0.336         0
   205/299     14.2G     0.772     0.271         0      1.04        43       512     0.994     0.956     0.984     0.975     0.805      0.33         0
   206/299     14.2G     0.809     0.274         0      1.08        43       512     0.992      0.95     0.984      0.97     0.837     0.338         0
   207/299     14.2G     0.851     0.281         0      1.13        43       512     0.988     0.953     0.983      0.97     0.816     0.335         0
   208/299     14.2G     0.835     0.266         0       1.1        34       512     0.987     0.956     0.984     0.971     0.814     0.343         0
   209/299     14.2G     0.727     0.286         0      1.01        41       512     0.984     0.954     0.984     0.969     0.809     0.338         0
   210/299     14.2G     0.732     0.272         0         1        40       512     0.984     0.957     0.983      0.97     0.829     0.332         0
   211/299     14.2G     0.642      0.27         0     0.912        39       512     0.986      0.96     0.982     0.973     0.806      0.33         0
   212/299     14.2G     0.637     0.274         0     0.911        37       512     0.988     0.963     0.984     0.975       0.8     0.315         0
   213/299     14.2G     0.785     0.269         0      1.05        44       512     0.987     0.972     0.984      0.98     0.792     0.301         0
   214/299     14.2G     0.697      0.27         0     0.967        46       512     0.989     0.978     0.984     0.984     0.787       0.3         0
   215/299     14.2G     0.716     0.265         0     0.981        41       512      0.99     0.973     0.984     0.982     0.802     0.303         0
   216/299     14.2G     0.725     0.262         0     0.988        38       512     0.988     0.974     0.984     0.981     0.786     0.302         0
   217/299     14.2G     0.918     0.275         0      1.19        41       512      0.99     0.968     0.984     0.979     0.778     0.314         0
   218/299     14.2G      0.78     0.262         0      1.04        40       512      0.99     0.968     0.984     0.979     0.792     0.312         0
   219/299     14.2G      0.99      0.27         0      1.26        40       512     0.992     0.965     0.984     0.978      0.79     0.317         0
   220/299     14.2G     0.814     0.268         0      1.08        38       512     0.996     0.952     0.983     0.973     0.783     0.325         0
   221/299     14.2G     0.653      0.26         0     0.914        39       512     0.994     0.958     0.984     0.975     0.786     0.322         0
   222/299     14.2G     0.785     0.262         0      1.05        41       512      0.99     0.957     0.982     0.973     0.811     0.323         0
   223/299     14.2G     0.555     0.263         0     0.818        48       512     0.992     0.954     0.982     0.973     0.805     0.318         0
   224/299     14.2G     0.916     0.254         0      1.17        40       512     0.992     0.957     0.982     0.974      0.79     0.318         0
   225/299     14.2G     0.706     0.265         0     0.972        41       512     0.989     0.956      0.98     0.972     0.807     0.314         0
   226/299     14.2G      0.67     0.252         0     0.923        39       512     0.992     0.958     0.982     0.975     0.797     0.315         0
   227/299     14.2G     0.854     0.245         0       1.1        35       512     0.994     0.961     0.982     0.977     0.788     0.313         0
   228/299     14.2G     0.929     0.256         0      1.18        38       512     0.992     0.956     0.982     0.974     0.785     0.316         0
   229/299     14.2G     0.764     0.248         0      1.01        39       512     0.991     0.954     0.981     0.972     0.785     0.327         0
   230/299     14.2G     0.818     0.265         0      1.08        48       512     0.993     0.956     0.982     0.974     0.763     0.327         0
   231/299     14.2G     0.761     0.257         0      1.02        39       512     0.992     0.956     0.982     0.974     0.781     0.322         0
   232/299     14.2G     0.619     0.235         0     0.854        45       512     0.992     0.952     0.982     0.972     0.774     0.323         0
   233/299     14.2G     0.596     0.255         0     0.851        47       512     0.996     0.955     0.982     0.975     0.776     0.326         0
   234/299     14.2G     0.733     0.241         0     0.974        31       512     0.995     0.956     0.981     0.975     0.757     0.326         0
   235/299     14.2G     0.666     0.254         0      0.92        31       512     0.996     0.956     0.981     0.976     0.759     0.327         0
   236/299     14.2G     0.718     0.253         0     0.971        38       512     0.994     0.952      0.98     0.972     0.766     0.335         0
   237/299     14.2G     0.781     0.241         0      1.02        36       512     0.994     0.952     0.981     0.972     0.768     0.337         0
   238/299     14.2G      0.64     0.258         0     0.898        37       512     0.996     0.956     0.982     0.975     0.766     0.332         0
   239/299     14.2G     0.675     0.239         0     0.915        40       512     0.996     0.957     0.982     0.976     0.769     0.331         0
   240/299     14.2G     0.612     0.235         0     0.847        37       512     0.996     0.956     0.981     0.975     0.765      0.34         0
   241/299     14.2G     0.764     0.248         0      1.01        42       512     0.996     0.954     0.981     0.975     0.766     0.342         0
   242/299     14.2G     0.616     0.248         0     0.865        42       512     0.996     0.952     0.981     0.973     0.762     0.345         0
   243/299     14.2G     0.745      0.23         0     0.975        45       512     0.998     0.957     0.982     0.977     0.765     0.342         0
   244/299     14.2G     0.632     0.241         0     0.872        42       512     0.994     0.957     0.981     0.975     0.778     0.336         0
   245/299     14.2G     0.716     0.249         0     0.966        41       512     0.993     0.956     0.982     0.974      0.78     0.327         0
   246/299     14.2G     0.692     0.232         0     0.924        40       512     0.994      0.96     0.984     0.977     0.779     0.317         0
   247/299     14.2G      0.81     0.231         0      1.04        38       512     0.994     0.961     0.983     0.977     0.761     0.324         0
   248/299     14.2G     0.549     0.231         0      0.78        40       512     0.992     0.959     0.983     0.975     0.759     0.327         0
   249/299     14.2G     0.612     0.229         0     0.841        38       512     0.991      0.96     0.982     0.975     0.765     0.329         0
   250/299     14.2G     0.617     0.233         0      0.85        34       512     0.991     0.962     0.981     0.976     0.758     0.325         0
   251/299     14.2G     0.506     0.232         0     0.738        37       512     0.994     0.962     0.982     0.977     0.759     0.324         0
   252/299     14.2G     0.586     0.231         0     0.817        42       512     0.992     0.956     0.982     0.974     0.774     0.331         0
   253/299     14.2G     0.738     0.241         0     0.979        40       512     0.992     0.957     0.983     0.974     0.775     0.327         0
   254/299     14.2G     0.718     0.235         0     0.953        41       512     0.992     0.962     0.983     0.977     0.761     0.323         0
   255/299     14.2G     0.607     0.249         0     0.855        44       512     0.992     0.961     0.983     0.976     0.753      0.32         0
   256/299     14.2G     0.767     0.222         0     0.989        41       512     0.992     0.967     0.983     0.979     0.756     0.315         0
   257/299     14.2G     0.747      0.23         0     0.977        42       512     0.992     0.965     0.983     0.978     0.762     0.314         0
   258/299     14.2G     0.681     0.258         0     0.939        44       512     0.992     0.964     0.983     0.978     0.765     0.317         0
   259/299     14.2G      0.58     0.244         0     0.825        42       512     0.992     0.968     0.983      0.98     0.766     0.318         0
   260/299     14.2G     0.663      0.24         0     0.904        40       512     0.992     0.967     0.983     0.979     0.769     0.315         0
   261/299     14.2G     0.668     0.224         0     0.892        52       512      0.99     0.964     0.984     0.977     0.751     0.312         0
   262/299     14.2G     0.771     0.237         0      1.01        34       512      0.99     0.964     0.983     0.977     0.743     0.313         0
   263/299     14.2G     0.715     0.214         0     0.929        42       512     0.988     0.965     0.984     0.976      0.74     0.315         0
   264/299     14.2G      0.55     0.251         0     0.801        35       512     0.987     0.966     0.984     0.977     0.748     0.313         0
   265/299     14.2G     0.634     0.211         0     0.845        46       512     0.986     0.966     0.984     0.976     0.764      0.31         0
   266/299     14.2G     0.715     0.231         0     0.946        41       512     0.986     0.966     0.984     0.976     0.765     0.308         0
   267/299     14.2G      0.77     0.215         0     0.986        38       512     0.988     0.966     0.984     0.977      0.76      0.31         0
   268/299     14.2G     0.652     0.222         0     0.874        37       512     0.989     0.966     0.984     0.978     0.753     0.312         0
   269/299     14.2G     0.801     0.219         0      1.02        44       512     0.989     0.966     0.984     0.977     0.754     0.315         0
   270/299     14.2G      0.57     0.211         0     0.781        34       512     0.988     0.966     0.983     0.977     0.758     0.316         0
   271/299     14.2G     0.773     0.224         0     0.997        47       512     0.987     0.966     0.982     0.977     0.757     0.315         0
   272/299     14.2G      0.72     0.224         0     0.944        46       512     0.988     0.966     0.983     0.977     0.759     0.316         0
   273/299     14.2G     0.587     0.218         0     0.805        35       512     0.989      0.97     0.982     0.979     0.759     0.324         0
   274/299     14.2G     0.611     0.242         0     0.854        34       512     0.987     0.968     0.982     0.978      0.76     0.325         0
   275/299     14.2G     0.612     0.226         0     0.838        40       512     0.988     0.967     0.983     0.977     0.748     0.326         0
   276/299     14.2G     0.618     0.231         0     0.849        46       512     0.987     0.968     0.984     0.978     0.744     0.324         0
   277/299     14.2G     0.544     0.233         0     0.776        42       512      0.99      0.97     0.984      0.98     0.742     0.324         0
   278/299     14.2G     0.594     0.232         0     0.826        38       512      0.99      0.97     0.985      0.98     0.738     0.322         0
   279/299     14.2G     0.569     0.227         0     0.796        45       512      0.99      0.97     0.984      0.98     0.745     0.318         0
   280/299     14.2G     0.621     0.213         0     0.834        38       512      0.99     0.964     0.984     0.977     0.749     0.317         0
   281/299     14.2G     0.642     0.233         0     0.875        45       512      0.99     0.965     0.984     0.977     0.751     0.323         0
   282/299     14.2G     0.665     0.218         0     0.883        44       512     0.991     0.964     0.984     0.978     0.742     0.327         0
   283/299     14.2G     0.508     0.222         0     0.731        42       512     0.992     0.966     0.983     0.979     0.738     0.322         0
   284/299     14.2G     0.769     0.226         0     0.995        43       512     0.989     0.968     0.983     0.978      0.75     0.319         0
   285/299     14.2G     0.695     0.217         0     0.912        36       512     0.988      0.97     0.983     0.979      0.75      0.32         0
   286/299     14.2G     0.636     0.204         0      0.84        43       512     0.989      0.97     0.984     0.979     0.753     0.321         0
   287/299     14.2G      0.58     0.211         0     0.791        40       512      0.99     0.968     0.983     0.979     0.749     0.318         0
   288/299     14.2G     0.688     0.219         0     0.907        35       512     0.989     0.966     0.983     0.977     0.747     0.318         0
   289/299     14.2G     0.501     0.233         0     0.734        40       512     0.989     0.966     0.983     0.977     0.748     0.319         0
   290/299     14.2G     0.607     0.209         0     0.816        44       512     0.989     0.966     0.983     0.977     0.747     0.319         0
   291/299     14.2G     0.675     0.221         0     0.896        41       512     0.988     0.966     0.984     0.977     0.744     0.317         0
   292/299     14.2G     0.619     0.205         0     0.825        39       512     0.988     0.966     0.984     0.977      0.74     0.314         0
   293/299     14.2G      0.66     0.233         0     0.893        44       512     0.988     0.966     0.984     0.977     0.741     0.316         0
   294/299     14.2G     0.661     0.211         0     0.872        34       512     0.986     0.964     0.983     0.975      0.74     0.319         0
   295/299     14.2G     0.588     0.226         0     0.814        44       512     0.986     0.964     0.984     0.975     0.738     0.319         0
   296/299     14.2G     0.583     0.208         0     0.792        34       512     0.986     0.965     0.984     0.975      0.74     0.317         0
   297/299     14.2G     0.564     0.207         0     0.771        42       512     0.988     0.966     0.984     0.977     0.741     0.318         0
   298/299     14.2G     0.648     0.206         0     0.854        35       512     0.988     0.963     0.984     0.975     0.747      0.32         0
   299/299     14.2G     0.647     0.219         0     0.866        41       512     0.989     0.964     0.984     0.976     0.746     0.318         0
