       0/9     7.38G      4.78      3.61         0       8.4        18       512         0         0    0.0326         0      2.77      1.99         0
       1/9     15.2G      3.37      1.98         0      5.36        22       512     0.571     0.587     0.579     0.579      2.92      1.24         0
       2/9     15.2G      3.18      1.28         0      4.46        20       512     0.494     0.729     0.639     0.589      3.21     0.932         0
       3/9     15.2G      2.79      1.08         0      3.88        17       512     0.713     0.824     0.833     0.765      2.52     0.815         0
       4/9     15.2G      2.33     0.973         0       3.3        22       512     0.812     0.838     0.863     0.825       2.7     0.823         0
       5/9     15.2G      2.75     0.966         0      3.71        21       512     0.726     0.822     0.847     0.771      2.48     0.818         0
       6/9     15.2G      2.71     0.934         0      3.65        21       512     0.845     0.898     0.923     0.871       2.2     0.673         0
       7/9     15.2G      2.27       0.9         0      3.17        24       512     0.887     0.786     0.855     0.834      2.28     0.749         0
       8/9     15.2G      2.26     0.832         0      3.09        20       512     0.889     0.906     0.941     0.897      1.96     0.581         0
       9/9     15.2G      2.39     0.795         0      3.18        18       512     0.923     0.898     0.927      0.91      1.97     0.592         0
